Mutant_10: 691: 0.8713745271122321
Mutant_13: 5: 0.006305170239596469
Mutant_15: 3: 0.0037831021437578815
Mutant_16: 385: 0.4854981084489281
