Mutant_1: 165: 0.7710280373831776
Mutant_3: 13: 0.06074766355140187
Mutant_6: 130: 0.6074766355140186
