Mutant_1: 1: 0.004672897196261682
Mutant_6: 9: 0.04205607476635514
Mutant_10: 1: 0.004672897196261682
