Mutant_1: 165: 0.7710280373831776
Mutant_6: 9: 0.04205607476635514
Mutant_7: 2: 0.009345794392523364
Mutant_9: 1: 0.004672897196261682
Mutant_13: 2: 0.009345794392523364
