Mutant_2: 1: 0.004672897196261682
Mutant_4: 16: 0.07476635514018691
Mutant_5: 16: 0.07476635514018691
Mutant_13: 3: 0.014018691588785047
Mutant_14: 1: 0.004672897196261682
Mutant_15: 197: 0.9205607476635514
Mutant_16: 12: 0.056074766355140186
