Mutant_1: 3: 0.006382978723404255
Mutant_2: 470: 1.0
Mutant_3: 469: 0.997872340425532
Mutant_10: 70: 0.14893617021276595
Mutant_12: 132: 0.28085106382978725
Mutant_13: 464: 0.9872340425531915
Mutant_16: 422: 0.8978723404255319
Mutant_18: 10: 0.02127659574468085
