Mutant_1: 38: 0.08085106382978724
Mutant_6: 2: 0.00425531914893617
