Mutant_3: 305: 0.648936170212766
Mutant_8: 2: 0.00425531914893617
Mutant_11: 465: 0.9893617021276596
Mutant_14: 1: 0.002127659574468085
