Mutant_2: 2: 0.00425531914893617
Mutant_12: 132: 0.28085106382978725
